7
4
16
7
32
100
0
32
1
112
12
17
219
53
7
0
19
10
38
30
0
9
90
10
28
14
14
23
1
28
6
146
7
17
13
10
13
40
32
17
2
0
20
20
102
10
8
31
22
0
76
12
11
45
9
151
34
52
14
6
0
9
6
55
16
8
1
60
9
22
48
18
0
7
8
7
38
1
9
2
15
8
95
10
13
6
79
3
0
5
77
18
7
0
5
5
7
0
60
10
22
37
235
69
115
6
7
36
41
7
11
23
2
8
2
7
7
14
2
291
13
6
12
4
24
2
30
272
38
6
2
119
5
128
2
7
0
3
3
1
0
53
47
39
58
0
0
2
57
10
8
1
31
5
73
65
24
12
12
2
33
1
6
29
0
1
5
41
78
8
10
43
30
11
14
13
23
30
49
6
11
20
7
3
377
61
10
1
69
32
4
11
5
8
2
0
66
15
12
9
11
59
26
27
0
5
63
0
0
27
70
2
27
17
14
132
24
90
15
0
30
16
214
2
41
85
2
186
8
39
55
17
64
4
2
23
17
22
17
7
1
33
16
1
28
18
14
6
16
68
4
29
23
106
16
54
1
0
11
13
22
55
6
0
18
5
0
25
10
20
33
112
2
18
21
20
0
5
10
6
63
2
8
13
13
27
168
15
25
0
12
8
110
47
120
2
18
62
22
1
30
37
17
4
4
35
1
4
20
41
8
15
39
12
36
1
16
50
2
4
8
159
1
18
6
7
158
23
112
62
1
15
17
49
0
3
72
14
1
60
0
13
9
22
5
2
12
17
0
62
19
15
35
35
102
0
146
0
72
1
39
30
27
9
0
16
17
80
66
0
2
5
46
244
11
93
1
24
1
12
0
12
20
1
37
289
8
42
2
6
36
24
14
38
15
7
3
32
17
19
0
39
11
105
0
1
356
2
20
6
4
107
356
16
22
44
14
37
30
28
17
238
8
1
0
13
6
4
4
2
7
20
44
13
1
7
23
9
8
6
8
28
96
5
25
12
55
1
18
49
0
14
150
199
13
14
13
118
8
1
2
9
64
4
106
40
2
4
28
0
197
46
23
1
7
50
13
118
12
2
3
13
1
3
24
0
261
1
19
16
96
14
11
171
9
57
35
47
5
6
171
15
13
1
20
56
52
1
267
84
33
117
19
2
6
75
6
10
10
25
53
20
5
24
8
117
45
14
16
17
7
171
3
62
15
18
8
3
20
48
47
29
3
9
21
1
17
105
35
3
20
2
47
21
24
23
65
66
110
37
61
117
186
45
45
63
28
27
